-1124810209
-1054654599
-1041713342
-1029898755
-1026532087
-1026532011
-1026532010
-1026531949
-1026528321
-1014501660
-732071134
-717514446
-706315812
-641335963
42337169
93908766
93908908
96304115
100341960
178191191
178191192
178191304
178191305
178191406
178784847
178785029
178785129
178785209
178786540
178787932
178789421
178794058
178794099
178795612
178795632
178799355
178803926
178804754
178804813
178804941
178804961
178805227
178810764
522966150
528973508
625990902
654062337
654062570
774774792
778277579
782271475
1044681875
1047599976
1049422778
1294479938
1307584813
1315699697
1334365467
1357535997
1360164447
1364738676
1385605838
1406973864
1410463921
1412171486
1475288421
1475288421
1492813009
1540015770
1566103597
1571520645
1592857394
1593260321
1596321026
1597627334
1600737745
1600892050
1605850587
1607940387
1836025456
